[starmap]
; Put the starmapped 60 glyph coordinates here.
a10=-0.85296865578697, 0.3373248250886, -0.39831700267993
a1=-0.73564182776852, -0.6444904486331, 0.20847820715387
a11=0.6444904486331, 0.20847820715387, 0.73564182776852
a12=0.85296865578697,0.3373248250886,-0.39831700267993
a13=0.20847820715387,-0.73564182776852,0.644490448633
a14=0.85296865578697, 0.3373248250886, 0.39831700267993
a15=0.18983879552606, -0.9818152737217, 0
a16=0.20847820715387,0.73564182776852,0.6444904486331
a17=0.9818152737217, 0, 0.18983879552606
a18=0.6444904486331,-0.20847820715387,-0.73564182776852
a19=0.85296865578697, -0.3373248250886, -0.39831700267993
a20=-0.9818152737217, 0, -0.18983879552606
a2=0.3373248250886, 0.39831700267993, -0.85296865578697
a21=0, 0.18983879552606, 0.9818152737217
a22=0, 0.18983879552606, -0.9818152737217
a23=-0.39831700267993, -0.85296865578697, 0.3373248250886
a24=0.73564182776852, 0.6444904486331, -0.20847820715387
a25=-0.39831700267993, 0.85296865578697, -0.3373248250886
a26=-0.20847820715387,-0.73564182776852,-0.6444904486331
a27=0.73564182776852, 0.6444904486331, 0.20847820715387
a28=-0.6444904486331, 0.20847820715387, -0.73564182776852
a29=-0.3373248250886, 0.39831700267993, 0.85296865578697
a30=0.85296865578697, -0.3373248250886, 0.39831700267993
a3=-0.6444904486331,-0.20847820715387,-0.73564182776852
a31=0.3373248250886, -0.39831700267993, 0.85296865578697
a32=0.39831700267993, 0.85296865578697, -0.3373248250886
a33=0.20847820715387,-0.73564182776852,0.6444904486331
a34=-0.18983879552606, -0.9818152737217, 0
a35=0.39831700267993, -0.85296865578697, 0.3373248250886
a36=-0.85296865578697, 0.3373248250886, 0.39831700267993
a37=-0.73564182776852, 0.6444904486331, 0.20847820715387
a38=-0.18983879552606,0.9818152737217,0
a39=-0.18983879552606, -0.9818152737217, 0
a40=-0.6444904486331, 0.20847820715387, 0.73564182776852
a4=-0.73564182776852, 0.6444904486331, -0.20847820715387
a41=0.3373248250886,-0.39831700267993,-0.85296865578697
a42=-0.73564182776852, -0.6444904486331, -0.20847820715387
a43=0.9818152737217, 0, -0.18983879552606
a44=0.6444904486331, 0.20847820715387, -0.73564182776852
a45=-0.9818152737217, 0, 0.18983879552606
a46=0, -0.18983879552606, 0.9818152737217
a47=0.20847820715387, 0.73564182776852, -0.6444904486331
a48=-0.3373248250886, -0.39831700267993, 0.85296865578697
a49=-0.39831700267993, -0.85296865578697, -0.3373248250886
a50=-0.85296865578697, -0.3373248250886, -0.39831700267993
a5=-0.6444904486331, -0.20847820715387, 0.73564182776852
a51=0.6444904486331,0.20847820715387,0.73564182776852
a52=-0.39831700267993, 0.85296865578697, 0.3373248250886
a53=-0.85296865578697, -0.3373248250886, 0.39831700267993
a54=-0.20847820715387, 0.73564182776852, -0.6444904486331
a55=0.73564182776852, -0.6444904486331, 0.20847820715387
a56=-0.3373248250886,-0.39831700267993,-0.85296865578697
a57=0.3373248250886, 0.39831700267993, 0.85296865578697
a58=0,-0.18983879552606,-0.9818152737217
a59=-0.20847820715387, 0.73564182776852, 0.6444904486331
a60=0.39831700267993, -0.85296865578697, -0.3373248250886
a6=0.6444904486331, -0.20847820715387, 0.73564182776852
a7=0.20847820715387, -0.73564182776852, -0.6444904486331
a8=0.39831700267993, 0.85296865578697, 0.3373248250886
a9=0.73564182776852, -0.6444904486331, -0.20847820715387

[triangle]
; Locations of triangle glyphs. See triangle.jpg for coordinate system.
; See glyphs/ to map image to numeric glyph. For example, a63 is always 0,7,
; the top of the triangle. a61 is always the bottom left and a62 is always 7,e,
; the bottom right. a64 is always 5,7, the center or "zero".
; The following 4 are fixed; populate the rest in stargate.ini.
a61 = 7,0
a62 = 7,e
a63 = 0,7
a64 = 5,7


[stargate]
; Take a guess what this might be:
foenestra = 0.65265848468152,0.74126164330835,-0.15674207646011
