[triangle]
; See this section in starmap.ini for details. This section isn't actually needed.
a10 = 6,3
a11 = 5,8
a12 = 2,6
a13 = 6,1
a14 = 2,8
a15 = 5,6
a16 = 7,d
a17 = 3,9
a18 = 2,9
a19 = 3,8
a1 = 4,b
a20 = 5,b
a21 = 7,1
a22 = 3,5
a23 = 6,8
a24 = 4,3
a25 = 4,7
a26 = 4,4
a27 = 7,8
a28 = 2,7
a29 = 6,b
a2 = 1,6
a30 = 1,8
a31 = 5,c
a32 = 7,9
a33 = 5,2
a34 = 5,3
a35 = 6,a
a36 = 4,9
a37 = 4,8
a38 = 6,d
a39 = 5,4
a3 = 7,4
a40 = 7,3
a41 = 5,9
a42 = 3,7
a43 = 7,5
a44 = 6,7
a45 = 6,4
a46 = 7,7
a47 = 6,6
a48 = 4,6
a49 = 3,a
a4 = 7,a
a50 = 3,6
a51 = 2,5
a52 = 7,c
a53 = 7,b
a54 = 6,9
a55 = 7,2
a56 = 3,4
a57 = 6,c
a58 = 7,6
a59 = 4,a
a5 = 5,a
a60 = 6,5
a6 = 6,2
a7 = 5,5
a8 = 1,7
a9 = 4,5

[s2]
; 1st symbol: a1
; calc 2nd onwards with this triangle:
left=(-0.93417230562785, -0.35682222940553, 0.00000009176736059215)
top=(-0.52573121956222, -0.85065074194854, 0.000000091767359873081)
right=(-0.57735035991235, -0.57735031978958, 0.57735012786692)


[s3]
; 2nd symbol: a42
; calc 3rd with this triangle:
# use extreme corners
left=(-0.688736728869, -0.70821658610714, 0.15514826930898)
top=(-0.62583513242273, -0.76476458910863, 0.15318456276964)
right=(-0.6378678410873, -0.73447837316748, 0.23165952744467)

[s4]
; 3rd symbol: a56
; calc 4th with this triangle:
# extreme corners
left=(-0.65767421259442, -0.73733077514476, 0.15429827644125)
right=(-0.6514829231893, -0.74075112368008, 0.16388341453427)
top=(-0.64977937352006, -0.74435020265436, 0.15404395981764)

[s5]
; 4th symbol: a25
; calc 5th with this triangle:
#extreme corners
left=(-0.65317636533902, -0.74083508905765, 0.1566014258666)
top=(-0.65218903574228, -0.74171128472515, 0.15656893615565)
right=(-0.65240312614218, -0.74126224218713, 0.15779876205984)

[s6]
; 5th symbol: a9
; calc 6th with this triangle:
#extreme corners
right=(-0.65261302438934, -0.74127071587134, 0.15688838768053)
left=(-0.65270948441984, -0.74121739159231, 0.15673897839874)
top=(-0.65258627682682, -0.74132672707246, 0.15673491961059)

[s7]
; 6th symbol: a24
; calc 7th with this triangle:
# extreme corners
right=(-0.65265130094162, -0.74126505061777, 0.15675587424989)
top=(-0.65264800259606, -0.74127195557409, 0.15673695348175)
left=(-0.6526631924858, -0.74125847565823, 0.15673745384906)

[s8]
; 7th symbol: a3
; calc 8th with this triangle:
# extreme corners
# it's 0-7! If it wasn't, though, put the next coordinates here and get the 8th symbol.
