[triangle]
; See this section in starmap.ini for details
a10 = 6,3
a11 = 5,8
a12 = 2,6
a13 = 6,1
a14 = 2,8
a15 = 5,6
a16 = 7,d
a17 = 3,9
a18 = 2,9
a19 = 3,8
a1 = 4,b
a20 = 5,b
a21 = 7,1
a22 = 3,5
a23 = 6,8
a24 = 4,3
a25 = 4,7
a26 = 4,4
a27 = 7,8
a28 = 2,7
a29 = 6,b
a2 = 1,6
a30 = 1,8
a31 = 5,c
a32 = 7,9
a33 = 5,2
a34 = 5,3
a35 = 6,a
a36 = 4,9
a37 = 4,8
a38 = 6,d
a39 = 5,4
a3 = 7,4
a40 = 7,3
a41 = 5,9
a42 = 3,7
a43 = 7,5
a44 = 6,7
a45 = 6,4
a46 = 7,7
a47 = 6,6
a48 = 4,6
a49 = 3,a
a4 = 7,a
a50 = 3,6
a51 = 2,5
a52 = 7,c
a53 = 7,b
a54 = 6,9
a55 = 7,2
a56 = 3,4
a57 = 6,c
a58 = 7,6
a59 = 4,a
a5 = 5,a
a60 = 6,5
a6 = 6,2
a7 = 5,5
a8 = 1,7
a9 = 4,5

; Put the triangle corner coordinates here for each iteration. s2 is the 2nd symbol, etc:
[s2]
; 1st symbol: a1
; calc 2nd with this triangle:
right=(-0.60093751053812, -0.59022580427057, 0.53898757722363)
left=(-0.91890866903819, -0.39370882087535, 0.024499435328347)
top=(-0.55390704991747, -0.83221931439043, 0.024453891454171)
center=(-0.73564182776852, -0.6444904486331, 0.20847820715387)

[s3]
; 2nd symbol: a19
; calc 3rd with this triangle:
left=(-0.68417522394418, -0.71192712421087, 0.1583162428615)
top=(-0.62909889777134, -0.76139677503478, 0.15655519087376)
right=(-0.63967586473509, -0.73489563818819, 0.22526248921513)
center=(-0.65153847358376, -0.73690331746637, 0.1801974421217)

[s4]
; 3rd symbol: a56
; calc 4th with this triangle:
left=(-0.65709007860685, -0.73776981679894, 0.15468783409468)
top=(-0.65018149740058, -0.74391175507932, 0.15446462731882)
right=(-0.65167291335616, -0.74076248725763, 0.16307468065211)
center=(-0.65299018524468, -0.74082771236794, 0.1574106685133)

[s5]
; 4th symbol: a25
; calc 5th with this triangle:
left=(-0.65310317480503, -0.74088936725085, 0.15664989165089)
top=(-0.6522390449488, -0.74165622157359, 0.15662144567545)
right=(-0.65242643161179, -0.74126321380556, 0.15769780972783)
center=(-0.65258968590837, -0.74126980455626, 0.15698974074487)

[s6]
; 5th symbol: a26
; calc 6th with this triangle:
left=(-0.6525953498093, -0.74132004469692, 0.15672874891938)
top=(-0.65270336733887, -0.74122418886772, 0.1567323071415)
right=(-0.65267990579679, -0.74127328450524, 0.15659775939618)
center=(-0.65265954309848, -0.74127250920565, 0.15668627220801)

[s7]
; 6th symbol: a56
; calc 7th with this triangle:
left=(-0.65264905107892, -0.74127121455333, 0.15673609220733)
top=(-0.65266255320163, -0.74125923240476, 0.15673653697537)
right=(-0.6526596211576, -0.74126536998633, 0.1567197185087)
center=(-0.65265707517913, -0.74126527236453, 0.15673078256989)

[s8]
; 7th symbol: a51
; calc 8th with this triangle:
left=(-0.65265769245599, -0.74126339868782, 0.15673707360994)
top=(-0.65265938021783, -0.74126190091106, 0.15673712920493)
right=(-0.65265901372318, -0.74126266812094, 0.15673502689609)
center=(-0.65265707517913, -0.74126527236453, 0.15673078256989)

; 8th: a2