[triangle]
; See this section in starmap.ini for details
a10 = 6,3
a11 = 5,8
a12 = 2,6
a13 = 6,1
a14 = 2,8
a15 = 5,6
a16 = 7,d
a17 = 3,9
a18 = 2,9
a19 = 3,8
a1 = 4,b
a20 = 5,b
a21 = 7,1
a22 = 3,5
a23 = 6,8
a24 = 4,3
a25 = 4,7
a26 = 4,4
a27 = 7,8
a28 = 2,7
a29 = 6,b
a2 = 1,6
a30 = 1,8
a31 = 5,c
a32 = 7,9
a33 = 5,2
a34 = 5,3
a35 = 6,a
a36 = 4,9
a37 = 4,8
a38 = 6,d
a39 = 5,4
a3 = 7,4
a40 = 7,3
a41 = 5,9
a42 = 3,7
a43 = 7,5
a44 = 6,7
a45 = 6,4
a46 = 7,7
a47 = 6,6
a48 = 4,6
a49 = 3,a
a4 = 7,a
a50 = 3,6
a51 = 2,5
a52 = 7,c
a53 = 7,b
a54 = 6,9
a55 = 7,2
a56 = 3,4
a57 = 6,c
a58 = 7,6
a59 = 4,a
a5 = 5,a
a60 = 6,5
a6 = 6,2
a7 = 5,5
a8 = 1,7
a9 = 4,5

; Put the triangle corner coordinates here for the first symbol
[corners]
; 1st symbol: a1
; calc 2nd onwards with this triangle.
middle=a1
# all the triangles adjoining the left point
lefts=a42,a50,a20,a45,a53
rights=a53,a5,a48,a13,a23
tops=a42,a23,a49,a39
;right=a48
;left=a20
;top-left=a42
;top-right=a23
;bottom=a53

[s2]
; 1st symbol: a1
; calc 2nd onwards with this triangle:
right=(-0.60093751053812, -0.59022580427057, 0.53898757722363)
left=(-0.91890866903819, -0.39370882087535, 0.024499435328347)
top=(-0.55390704991747, -0.83221931439043, 0.024453891454171)

[s3]
; 2nd symbol: a42
; calc 3rd with this triangle:
left=(-0.66872562991928, -0.73921899509183, 0.079757815820685)
top=(-0.61314902824154, -0.78603649057197, 0.078707716621435)
right=(-0.62731947544095, -0.76480940590287, 0.14675438111006)
